4294967278,307
4294967278,306
4294967278,305
4294967278,304
4294967278,303
14,6
14,5
14,4
14,3
14,1
14,0
4294967278,302
4294967278,301
4294967278,300
4294967278,299
4294967278,298
13,5
13,4
13,3
13,1
13,0
4294967278,297
4294967278,296
4294967278,295
4294967278,294
4294967278,293
12,5
12,4
12,3
12,1
12,0
4294967278,292
4294967278,291
4294967278,290
4294967278,289
11,5
11,4
11,3
11,1
11,0
4294967278,288
4294967278,287
4294967278,286
4294967278,285
10,5
10,4
10,3
10,1
10,0
4294967278,284
4294967278,283
9,7
9,6
9,5
9,4
9,3
9,1
9,0
4294967293,132
8,7
8,6
4294967294,207
4294967278,282
8,5
8,4
8,3
8,1
8,0
4294967293,131
4294967293,130
4294967293,129
4294967293,128
4294967293,127
4294967293,126
4294967293,125
4294967293,124
4294967293,123
4294967293,122
4294967293,121
4294967293,120
4294967293,119
4294967293,118
4294967293,117
4294967293,116
4294967293,115
4294967293,114
4294967293,113
4294967293,112
4294967293,111
4294967293,110
4294967293,109
4294967293,108
4294967293,107
4294967293,106
4294967293,105
4294967293,104
4294967293,103
4294967293,102
4294967293,101
4294967293,100
4294967293,99
4294967293,98
4294967293,97
4294967293,96
4294967293,95
4294967293,94
4294967293,93
4294967293,92
4294967293,91
4294967293,90
4294967293,89
4294967293,88
4294967293,87
4294967293,86
4294967293,85
4294967293,84
4294967293,83
4294967293,82
4294967293,81
4294967293,80
4294967293,79
4294967293,78
4294967293,77
4294967293,76
4294967293,75
4294967293,74
4294967293,73
4294967293,72
4294967293,71
4294967293,70
4294967293,69
4294967293,68
4294967293,67
4294967293,66
4294967293,65
4294967293,64
4294967293,63
4294967293,62
4294967293,61
4294967293,60
4294967293,59
4294967293,58
4294967293,57
4294967293,56
4294967293,55
4294967293,54
4294967293,53
4294967293,52
4294967293,51
4294967293,50
4294967293,49
4294967293,48
4294967293,47
4294967293,46
4294967293,45
4294967293,44
4294967293,43
4294967293,42
4294967293,41
4294967293,40
4294967293,39
4294967293,38
4294967293,37
4294967293,36
4294967293,35
4294967293,34
4294967293,33
4294967293,32
4294967293,31
4294967293,30
4294967293,29
4294967293,28
4294967293,27
4294967293,26
4294967293,25
4294967293,24
4294967293,23
4294967293,22
4294967293,21
4294967293,20
4294967293,19
4294967293,18
4294967293,17
4294967293,16
4294967293,15
4294967293,14
4294967293,13
4294967293,12
4294967293,11
4294967293,10
4294967293,9
4294967293,8
4294967293,7
4294967293,6
4294967293,5
4294967293,4
4294967293,3
4294967293,2
4294967293,0
4294967279,297
4294967279,296
4294967279,295
4294967279,294
4294967279,293
4294967279,292
4294967279,291
4294967279,290
4294967279,289
4294967279,288
4294967279,159
4294967279,158
4294967279,157
4294967279,156
4294967279,155
4294967279,153
4294967279,152
4294967279,151
4294967279,150
4294967279,149
4294967279,148
4294967279,146
4294967279,145
4294967279,140
4294967279,134
4294967279,165
4294967279,163
4294967279,161
4294967279,160
4294967294,154
4294967294,153
4294967294,146
4294967294,140
4294967294,128
4294967294,103
4294967294,102
4294967294,791
4294967294,790
4294967294,782
4294967294,775
4294967294,959
4294967294,958
4294967294,957
4294967294,956
4294967294,955
4294967294,954
4294967294,953
4294967294,952
4294967294,951
4294967294,950
4294967294,949
4294967294,948
4294967294,947
4294967294,946
4294967294,945
4294967294,944
4294967294,943
4294967294,942
4294967294,941
4294967294,940
4294967294,939
4294967294,938
4294967294,937
4294967294,936
4294967294,935
4294967294,934
4294967294,933
4294967294,932
4294967294,931
4294967294,930
4294967294,929
4294967294,928
4294967294,991
4294967294,990
4294967294,989
4294967294,988
4294967294,987
4294967294,986
4294967294,985
4294967294,984
4294967294,983
4294967294,982
4294967294,981
4294967294,980
4294967294,979
4294967294,978
4294967294,977
4294967294,976
4294967294,975
4294967294,974
4294967294,973
4294967294,972
4294967294,971
4294967294,970
4294967294,969
4294967294,968
4294967294,967
4294967294,966
4294967294,965
4294967294,964
4294967294,963
4294967294,962
4294967294,961
4294967294,960
4294967294,206
4294967294,205
4294967294,204
4294967294,193
4294967294,831
4294967294,830
4294967294,829
4294967294,828
4294967294,827
4294967294,826
4294967294,825
4294967294,824
4294967294,823
4294967294,822
4294967294,821
4294967294,820
4294967294,819
4294967294,818
4294967294,817
4294967294,816
4294967294,815
4294967294,814
4294967294,29
4294967294,28
4294967294,27
4294967294,26
4294967294,25
4294967294,24
4294967294,21
4294967294,20
4294967294,19
4294967294,13
4294967294,12
4294967294,11
4294967294,10
4294967294,4
4294967294,2
4294967294,0
4294967294,863
4294967294,862
4294967294,861
4294967294,860
4294967294,859
4294967294,858
4294967294,857
4294967294,856
4294967294,855
4294967294,854
4294967294,853
4294967294,852
4294967294,851
4294967294,850
4294967294,849
4294967294,848
4294967294,847
4294967294,846
4294967294,845
4294967294,844
4294967294,843
4294967294,842
4294967294,841
4294967294,840
4294967294,839
4294967294,838
4294967294,837
4294967294,836
4294967294,835
4294967294,834
4294967294,833
4294967294,832
4294967294,53
4294967294,52
4294967294,51
4294967294,50
4294967294,49
4294967294,48
4294967294,47
4294967294,45
4294967294,40
4294967294,39
4294967294,38
4294967294,37
4294967294,36
4294967294,35
4294967294,34
4294967294,927
4294967294,926
4294967294,925
4294967294,924
4294967294,923
4294967294,922
4294967294,921
4294967294,920
4294967294,919
4294967294,918
4294967294,917
4294967294,916
4294967294,915
4294967294,914
4294967294,913
4294967294,912
4294967294,911
4294967294,910
4294967294,909
4294967294,908
4294967294,907
4294967294,906
4294967294,905
4294967294,904
4294967294,903
4294967294,902
4294967294,901
4294967294,900
4294967294,899
4294967294,898
4294967294,897
4294967294,896
4294967294,90
4294967294,89
4294967294,88
4294967294,87
4294967294,191
4294967294,190
4294967294,189
4294967294,188
4294967294,187
4294967294,179
4294967294,173
4294967294,167
4294967294,160
4294967294,1023
4294967294,1022
4294967294,1021
4294967294,1020
4294967294,1019
4294967294,1018
4294967294,1017
4294967294,1016
4294967294,1015
4294967294,1014
4294967294,1013
4294967294,1012
4294967294,1011
4294967294,1010
4294967294,1009
4294967294,1008
4294967294,1007
4294967294,1006
4294967294,1005
4294967294,1004
4294967294,1003
4294967294,1002
4294967294,1001
4294967294,1000
4294967294,999
4294967294,998
4294967294,997
4294967294,996
4294967294,995
4294967294,994
4294967294,993
4294967294,992
4294967294,1055
4294967294,1054
